SLURM_JOB_ID: 60994812
SLURM_JOB_USER: vsc35729
SLURM_JOB_ACCOUNT: llp_h_pds
SLURM_JOB_NAME: timing.slurm
SLURM_CLUSTER_NAME: wice
SLURM_JOB_PARTITION: gpu
SLURM_NNODES: 1
SLURM_NODELIST: k28g27
SLURM_JOB_CPUS_PER_NODE: 1
SLURM_JOB_GPUS: 1
Date: Mon Dec  4 10:05:50 CET 2023
Walltime: 00-00:20:00
========================================================================
------------------------------------------------------------------------------
cuda,20,512,../datasets/100000x5.csv,1951517,7,15,4.16224e+12,3.88253
cuda,20,512,../datasets/100000x5.csv,1951517,7,15,4.16224e+12,3.78399
cuda,20,512,../datasets/100000x5.csv,1951517,7,15,4.16224e+12,3.87777
cuda,20,512,../datasets/100000x5.csv,1951517,7,15,4.16224e+12,3.79614
cuda,20,512,../datasets/100000x5.csv,1951517,7,15,4.16224e+12,3.77467
cuda,20,512,../datasets/100000x5.csv,1951517,7,15,4.16224e+12,3.76573
cuda,20,512,../datasets/100000x5.csv,1951517,7,15,4.16224e+12,3.96589
cuda,20,512,../datasets/100000x5.csv,1951517,7,15,4.16224e+12,4.16022
cuda,20,512,../datasets/100000x5.csv,1951517,7,15,4.16224e+12,3.78812
cuda,20,512,../datasets/100000x5.csv,1951517,7,15,4.16224e+12,3.86244
cuda,30,512,../datasets/100000x5.csv,1951517,7,15,4.16224e+12,3.76993
cuda,30,512,../datasets/100000x5.csv,1951517,7,15,4.16224e+12,3.78622
cuda,30,512,../datasets/100000x5.csv,1951517,7,15,4.16224e+12,3.77041
cuda,30,512,../datasets/100000x5.csv,1951517,7,15,4.16224e+12,3.82226
cuda,30,512,../datasets/100000x5.csv,1951517,7,15,4.16224e+12,3.93977
cuda,30,512,../datasets/100000x5.csv,1951517,7,15,4.16224e+12,3.76656
cuda,30,512,../datasets/100000x5.csv,1951517,7,15,4.16224e+12,3.76656
cuda,30,512,../datasets/100000x5.csv,1951517,7,15,4.16224e+12,3.77833
cuda,30,512,../datasets/100000x5.csv,1951517,7,15,4.16224e+12,3.92026
cuda,30,512,../datasets/100000x5.csv,1951517,7,15,4.16224e+12,3.76964
cuda,40,512,../datasets/100000x5.csv,1951517,7,15,4.16224e+12,3.77377
cuda,40,512,../datasets/100000x5.csv,1951517,7,15,4.16224e+12,3.83132
cuda,40,512,../datasets/100000x5.csv,1951517,7,15,4.16224e+12,4.10134
cuda,40,512,../datasets/100000x5.csv,1951517,7,15,4.16224e+12,4.35533
cuda,40,512,../datasets/100000x5.csv,1951517,7,15,4.16224e+12,4.37758
cuda,40,512,../datasets/100000x5.csv,1951517,7,15,4.16224e+12,4.24109
cuda,40,512,../datasets/100000x5.csv,1951517,7,15,4.16224e+12,4.0014
cuda,40,512,../datasets/100000x5.csv,1951517,7,15,4.16224e+12,3.80571
cuda,40,512,../datasets/100000x5.csv,1951517,7,15,4.16224e+12,3.86035
cuda,40,512,../datasets/100000x5.csv,1951517,7,15,4.16224e+12,3.9385
cuda,50,512,../datasets/100000x5.csv,1951517,7,15,4.16224e+12,3.93851
cuda,50,512,../datasets/100000x5.csv,1951517,7,15,4.16224e+12,3.91397
cuda,50,512,../datasets/100000x5.csv,1951517,7,15,4.16224e+12,3.92739
cuda,50,512,../datasets/100000x5.csv,1951517,7,15,4.16224e+12,3.88652
cuda,50,512,../datasets/100000x5.csv,1951517,7,15,4.16224e+12,3.86747
cuda,50,512,../datasets/100000x5.csv,1951517,7,15,4.16224e+12,3.90415
cuda,50,512,../datasets/100000x5.csv,1951517,7,15,4.16224e+12,3.91493
cuda,50,512,../datasets/100000x5.csv,1951517,7,15,4.16224e+12,3.92713
cuda,50,512,../datasets/100000x5.csv,1951517,7,15,4.16224e+12,4.28382
cuda,50,512,../datasets/100000x5.csv,1951517,7,15,4.16224e+12,3.70361
cuda,60,512,../datasets/100000x5.csv,1951517,7,15,4.16224e+12,3.73631
cuda,60,512,../datasets/100000x5.csv,1951517,7,15,4.16224e+12,3.93725
cuda,60,512,../datasets/100000x5.csv,1951517,7,15,4.16224e+12,3.73838
cuda,60,512,../datasets/100000x5.csv,1951517,7,15,4.16224e+12,3.72276
cuda,60,512,../datasets/100000x5.csv,1951517,7,15,4.16224e+12,3.72072
cuda,60,512,../datasets/100000x5.csv,1951517,7,15,4.16224e+12,3.82638
cuda,60,512,../datasets/100000x5.csv,1951517,7,15,4.16224e+12,4.05326
cuda,60,512,../datasets/100000x5.csv,1951517,7,15,4.16224e+12,3.99398
cuda,60,512,../datasets/100000x5.csv,1951517,7,15,4.16224e+12,4.03354
cuda,60,512,../datasets/100000x5.csv,1951517,7,15,4.16224e+12,4.03367
cuda,70,512,../datasets/100000x5.csv,1951517,7,15,4.16224e+12,4.06079
cuda,70,512,../datasets/100000x5.csv,1951517,7,15,4.16224e+12,3.99119
cuda,70,512,../datasets/100000x5.csv,1951517,7,15,4.16224e+12,4.28597
cuda,70,512,../datasets/100000x5.csv,1951517,7,15,4.16224e+12,4.41134
cuda,70,512,../datasets/100000x5.csv,1951517,7,15,4.16224e+12,4.37074
cuda,70,512,../datasets/100000x5.csv,1951517,7,15,4.16224e+12,4.19608
cuda,70,512,../datasets/100000x5.csv,1951517,7,15,4.16224e+12,4.1622
cuda,70,512,../datasets/100000x5.csv,1951517,7,15,4.16224e+12,4.37631
cuda,70,512,../datasets/100000x5.csv,1951517,7,15,4.16224e+12,4.28282
cuda,70,512,../datasets/100000x5.csv,1951517,7,15,4.16224e+12,4.16793
cuda,80,512,../datasets/100000x5.csv,1951517,7,15,4.16224e+12,4.21889
cuda,80,512,../datasets/100000x5.csv,1951517,7,15,4.16224e+12,4.20816
cuda,80,512,../datasets/100000x5.csv,1951517,7,15,4.16224e+12,4.38401
cuda,80,512,../datasets/100000x5.csv,1951517,7,15,4.16224e+12,4.15263
cuda,80,512,../datasets/100000x5.csv,1951517,7,15,4.16224e+12,4.17063
cuda,80,512,../datasets/100000x5.csv,1951517,7,15,4.16224e+12,4.12261
cuda,80,512,../datasets/100000x5.csv,1951517,7,15,4.16224e+12,4.15033
cuda,80,512,../datasets/100000x5.csv,1951517,7,15,4.16224e+12,4.15098
cuda,80,512,../datasets/100000x5.csv,1951517,7,15,4.16224e+12,4.15178
cuda,80,512,../datasets/100000x5.csv,1951517,7,15,4.16224e+12,4.33293
cuda,90,512,../datasets/100000x5.csv,1951517,7,15,4.16224e+12,4.22788
cuda,90,512,../datasets/100000x5.csv,1951517,7,15,4.16224e+12,4.3923
cuda,90,512,../datasets/100000x5.csv,1951517,7,15,4.16224e+12,4.43114
cuda,90,512,../datasets/100000x5.csv,1951517,7,15,4.16224e+12,4.28604
cuda,90,512,../datasets/100000x5.csv,1951517,7,15,4.16224e+12,4.29043
cuda,90,512,../datasets/100000x5.csv,1951517,7,15,4.16224e+12,4.13012
cuda,90,512,../datasets/100000x5.csv,1951517,7,15,4.16224e+12,4.24703
cuda,90,512,../datasets/100000x5.csv,1951517,7,15,4.16224e+12,4.31128
cuda,90,512,../datasets/100000x5.csv,1951517,7,15,4.16224e+12,4.30833
cuda,90,512,../datasets/100000x5.csv,1951517,7,15,4.16224e+12,4.1437
cuda,100,512,../datasets/100000x5.csv,1951517,7,15,4.16224e+12,4.17801
cuda,100,512,../datasets/100000x5.csv,1951517,7,15,4.16224e+12,4.11769
cuda,100,512,../datasets/100000x5.csv,1951517,7,15,4.16224e+12,4.11454
cuda,100,512,../datasets/100000x5.csv,1951517,7,15,4.16224e+12,4.1276
cuda,100,512,../datasets/100000x5.csv,1951517,7,15,4.16224e+12,4.15621
cuda,100,512,../datasets/100000x5.csv,1951517,7,15,4.16224e+12,4.25966
cuda,100,512,../datasets/100000x5.csv,1951517,7,15,4.16224e+12,4.1407
cuda,100,512,../datasets/100000x5.csv,1951517,7,15,4.16224e+12,4.18968
cuda,100,512,../datasets/100000x5.csv,1951517,7,15,4.16224e+12,4.19746
cuda,100,512,../datasets/100000x5.csv,1951517,7,15,4.16224e+12,4.11701
------------------------------------------------------------------------------
JOBSTAT:ELAPSED_SECONDS=405
JOBSTAT:SLURM_CLUSTER_NAME=wice
JOBSTAT:SLURM_NODELIST=k28g27
JOBSTAT:SLURM_NTASKS=1
JOBSTAT:SLURM_GPUS_PER_NODE=1
JOBSTAT:SLURM_JOB_CPUS_PER_NODE=1
JOBSTAT:SLURM_JOB_NUM_NODES=1
JOBSTAT:SLURM_JOB_PARTITION=gpu
JOBSTAT:ESTIMATED_CREDITS=973
