SLURM_JOB_ID: 60994811
SLURM_JOB_USER: vsc35729
SLURM_JOB_ACCOUNT: llp_h_pds
SLURM_JOB_NAME: timing-threads.slurm
SLURM_CLUSTER_NAME: wice
SLURM_JOB_PARTITION: gpu
SLURM_NNODES: 1
SLURM_NODELIST: k28g27
SLURM_JOB_CPUS_PER_NODE: 1
SLURM_JOB_GPUS: 2
Date: Mon Dec  4 10:04:21 CET 2023
Walltime: 00-00:20:00
========================================================================
------------------------------------------------------------------------------
cuda,1,32,../datasets/100000x5.csv,1951517,7,15,4.16224e+12,24.5086
cuda,1,32,../datasets/100000x5.csv,1951517,7,15,4.16224e+12,24.4071
cuda,1,32,../datasets/100000x5.csv,1951517,7,15,4.16224e+12,24.6409
cuda,1,32,../datasets/100000x5.csv,1951517,7,15,4.16224e+12,24.6679
cuda,1,32,../datasets/100000x5.csv,1951517,7,15,4.16224e+12,24.4194
cuda,1,64,../datasets/100000x5.csv,1951517,7,15,4.16224e+12,14.0302
cuda,1,64,../datasets/100000x5.csv,1951517,7,15,4.16224e+12,14.2593
cuda,1,64,../datasets/100000x5.csv,1951517,7,15,4.16224e+12,14.2257
cuda,1,64,../datasets/100000x5.csv,1951517,7,15,4.16224e+12,14.2413
cuda,1,64,../datasets/100000x5.csv,1951517,7,15,4.16224e+12,14.0338
cuda,1,96,../datasets/100000x5.csv,1951517,7,15,4.16224e+12,10.4844
cuda,1,96,../datasets/100000x5.csv,1951517,7,15,4.16224e+12,10.7943
cuda,1,96,../datasets/100000x5.csv,1951517,7,15,4.16224e+12,10.4912
cuda,1,96,../datasets/100000x5.csv,1951517,7,15,4.16224e+12,10.9513
cuda,1,96,../datasets/100000x5.csv,1951517,7,15,4.16224e+12,10.7516
cuda,1,128,../datasets/100000x5.csv,1951517,7,15,4.16224e+12,9.19769
cuda,1,128,../datasets/100000x5.csv,1951517,7,15,4.16224e+12,8.71903
cuda,1,128,../datasets/100000x5.csv,1951517,7,15,4.16224e+12,8.75321
cuda,1,128,../datasets/100000x5.csv,1951517,7,15,4.16224e+12,8.73285
cuda,1,128,../datasets/100000x5.csv,1951517,7,15,4.16224e+12,8.83696
cuda,1,160,../datasets/100000x5.csv,1951517,7,15,4.16224e+12,8.57818
cuda,1,160,../datasets/100000x5.csv,1951517,7,15,4.16224e+12,8.55221
cuda,1,160,../datasets/100000x5.csv,1951517,7,15,4.16224e+12,8.62764
cuda,1,160,../datasets/100000x5.csv,1951517,7,15,4.16224e+12,8.58764
cuda,1,160,../datasets/100000x5.csv,1951517,7,15,4.16224e+12,8.57093
cuda,1,192,../datasets/100000x5.csv,1951517,7,15,4.16224e+12,7.75182
cuda,1,192,../datasets/100000x5.csv,1951517,7,15,4.16224e+12,7.82891
cuda,1,192,../datasets/100000x5.csv,1951517,7,15,4.16224e+12,8.37925
cuda,1,192,../datasets/100000x5.csv,1951517,7,15,4.16224e+12,8.95606
cuda,1,192,../datasets/100000x5.csv,1951517,7,15,4.16224e+12,7.7515
cuda,1,224,../datasets/100000x5.csv,1951517,7,15,4.16224e+12,7.23597
cuda,1,224,../datasets/100000x5.csv,1951517,7,15,4.16224e+12,7.15886
cuda,1,224,../datasets/100000x5.csv,1951517,7,15,4.16224e+12,7.18247
cuda,1,224,../datasets/100000x5.csv,1951517,7,15,4.16224e+12,7.16719
cuda,1,224,../datasets/100000x5.csv,1951517,7,15,4.16224e+12,8.35499
cuda,1,256,../datasets/100000x5.csv,1951517,7,15,4.16224e+12,6.75469
cuda,1,256,../datasets/100000x5.csv,1951517,7,15,4.16224e+12,6.89775
cuda,1,256,../datasets/100000x5.csv,1951517,7,15,4.16224e+12,6.76254
cuda,1,256,../datasets/100000x5.csv,1951517,7,15,4.16224e+12,6.75989
cuda,1,256,../datasets/100000x5.csv,1951517,7,15,4.16224e+12,6.77384
cuda,1,288,../datasets/100000x5.csv,1951517,7,15,4.16224e+12,7.0264
cuda,1,288,../datasets/100000x5.csv,1951517,7,15,4.16224e+12,8.07632
cuda,1,288,../datasets/100000x5.csv,1951517,7,15,4.16224e+12,7.04736
cuda,1,288,../datasets/100000x5.csv,1951517,7,15,4.16224e+12,7.03254
cuda,1,288,../datasets/100000x5.csv,1951517,7,15,4.16224e+12,7.84926
cuda,1,320,../datasets/100000x5.csv,1951517,7,15,4.16224e+12,6.69665
cuda,1,320,../datasets/100000x5.csv,1951517,7,15,4.16224e+12,6.67478
cuda,1,320,../datasets/100000x5.csv,1951517,7,15,4.16224e+12,7.02623
cuda,1,320,../datasets/100000x5.csv,1951517,7,15,4.16224e+12,6.74389
cuda,1,320,../datasets/100000x5.csv,1951517,7,15,4.16224e+12,6.70422
cuda,1,352,../datasets/100000x5.csv,1951517,7,15,4.16224e+12,6.68822
cuda,1,352,../datasets/100000x5.csv,1951517,7,15,4.16224e+12,6.47588
cuda,1,352,../datasets/100000x5.csv,1951517,7,15,4.16224e+12,6.59127
cuda,1,352,../datasets/100000x5.csv,1951517,7,15,4.16224e+12,6.44244
cuda,1,352,../datasets/100000x5.csv,1951517,7,15,4.16224e+12,6.43155
cuda,1,384,../datasets/100000x5.csv,1951517,7,15,4.16224e+12,6.19357
cuda,1,384,../datasets/100000x5.csv,1951517,7,15,4.16224e+12,6.18013
cuda,1,384,../datasets/100000x5.csv,1951517,7,15,4.16224e+12,9.66449
cuda,1,384,../datasets/100000x5.csv,1951517,7,15,4.16224e+12,6.19791
cuda,1,384,../datasets/100000x5.csv,1951517,7,15,4.16224e+12,6.20007
cuda,1,416,../datasets/100000x5.csv,1951517,7,15,4.16224e+12,6.57658
cuda,1,416,../datasets/100000x5.csv,1951517,7,15,4.16224e+12,6.84551
cuda,1,416,../datasets/100000x5.csv,1951517,7,15,4.16224e+12,6.57213
cuda,1,416,../datasets/100000x5.csv,1951517,7,15,4.16224e+12,6.56682
cuda,1,416,../datasets/100000x5.csv,1951517,7,15,4.16224e+12,6.7292
cuda,1,448,../datasets/100000x5.csv,1951517,7,15,4.16224e+12,6.39127
cuda,1,448,../datasets/100000x5.csv,1951517,7,15,4.16224e+12,9.49209
cuda,1,448,../datasets/100000x5.csv,1951517,7,15,4.16224e+12,6.41586
cuda,1,448,../datasets/100000x5.csv,1951517,7,15,4.16224e+12,6.3788
cuda,1,448,../datasets/100000x5.csv,1951517,7,15,4.16224e+12,6.373
cuda,1,480,../datasets/100000x5.csv,1951517,7,15,4.16224e+12,6.19555
cuda,1,480,../datasets/100000x5.csv,1951517,7,15,4.16224e+12,6.40022
cuda,1,480,../datasets/100000x5.csv,1951517,7,15,4.16224e+12,6.18045
cuda,1,480,../datasets/100000x5.csv,1951517,7,15,4.16224e+12,6.16411
cuda,1,480,../datasets/100000x5.csv,1951517,7,15,4.16224e+12,6.2427
cuda,1,512,../datasets/100000x5.csv,1951517,7,15,4.16224e+12,6.02482
cuda,1,512,../datasets/100000x5.csv,1951517,7,15,4.16224e+12,5.99175
cuda,1,512,../datasets/100000x5.csv,1951517,7,15,4.16224e+12,5.99417
cuda,1,512,../datasets/100000x5.csv,1951517,7,15,4.16224e+12,5.98855
cuda,1,512,../datasets/100000x5.csv,1951517,7,15,4.16224e+12,6.2697
cuda,1,544,../datasets/100000x5.csv,1951517,7,15,4.16224e+12,6.33596
cuda,1,544,../datasets/100000x5.csv,1951517,7,15,4.16224e+12,6.33992
cuda,1,544,../datasets/100000x5.csv,1951517,7,15,4.16224e+12,6.34377
cuda,1,544,../datasets/100000x5.csv,1951517,7,15,4.16224e+12,6.34592
cuda,1,544,../datasets/100000x5.csv,1951517,7,15,4.16224e+12,6.33528
cuda,1,576,../datasets/100000x5.csv,1951517,7,15,4.16224e+12,6.20052
cuda,1,576,../datasets/100000x5.csv,1951517,7,15,4.16224e+12,6.19494
cuda,1,576,../datasets/100000x5.csv,1951517,7,15,4.16224e+12,9.21603
cuda,1,576,../datasets/100000x5.csv,1951517,7,15,4.16224e+12,6.27566
cuda,1,576,../datasets/100000x5.csv,1951517,7,15,4.16224e+12,6.20708
------------------------------------------------------------------------------
JOBSTAT:ELAPSED_SECONDS=814
JOBSTAT:SLURM_CLUSTER_NAME=wice
JOBSTAT:SLURM_NODELIST=k28g27
JOBSTAT:SLURM_NTASKS=1
JOBSTAT:SLURM_GPUS_PER_NODE=1
JOBSTAT:SLURM_JOB_CPUS_PER_NODE=1
JOBSTAT:SLURM_JOB_NUM_NODES=1
JOBSTAT:SLURM_JOB_PARTITION=gpu
JOBSTAT:ESTIMATED_CREDITS=1956
