SLURM_JOB_ID: 60994813
SLURM_JOB_USER: vsc35729
SLURM_JOB_ACCOUNT: llp_h_pds
SLURM_JOB_NAME: timing.slurm
SLURM_CLUSTER_NAME: wice
SLURM_JOB_PARTITION: gpu
SLURM_NNODES: 1
SLURM_NODELIST: k28g27
SLURM_JOB_CPUS_PER_NODE: 1
SLURM_JOB_GPUS: 3
Date: Mon Dec  4 10:06:47 CET 2023
Walltime: 00-00:20:00
========================================================================
------------------------------------------------------------------------------
cuda,200,512,../datasets/100000x5.csv,1951517,7,15,4.16224e+12,3.7264
cuda,200,512,../datasets/100000x5.csv,1951517,7,15,4.16224e+12,3.63573
cuda,200,512,../datasets/100000x5.csv,1951517,7,15,4.16224e+12,3.70382
cuda,200,512,../datasets/100000x5.csv,1951517,7,15,4.16224e+12,3.70328
cuda,200,512,../datasets/100000x5.csv,1951517,7,15,4.16224e+12,3.80544
cuda,200,512,../datasets/100000x5.csv,1951517,7,15,4.16224e+12,3.63293
cuda,200,512,../datasets/100000x5.csv,1951517,7,15,4.16224e+12,3.63172
cuda,200,512,../datasets/100000x5.csv,1951517,7,15,4.16224e+12,3.59694
cuda,200,512,../datasets/100000x5.csv,1951517,7,15,4.16224e+12,3.61039
cuda,200,512,../datasets/100000x5.csv,1951517,7,15,4.16224e+12,3.80173
cuda,300,512,../datasets/100000x5.csv,1951517,7,15,4.16224e+12,3.89885
cuda,300,512,../datasets/100000x5.csv,1951517,7,15,4.16224e+12,4.24081
cuda,300,512,../datasets/100000x5.csv,1951517,7,15,4.16224e+12,4.09638
cuda,300,512,../datasets/100000x5.csv,1951517,7,15,4.16224e+12,3.98035
cuda,300,512,../datasets/100000x5.csv,1951517,7,15,4.16224e+12,3.88435
cuda,300,512,../datasets/100000x5.csv,1951517,7,15,4.16224e+12,3.94292
cuda,300,512,../datasets/100000x5.csv,1951517,7,15,4.16224e+12,3.918
cuda,300,512,../datasets/100000x5.csv,1951517,7,15,4.16224e+12,3.94879
cuda,300,512,../datasets/100000x5.csv,1951517,7,15,4.16224e+12,3.89782
cuda,300,512,../datasets/100000x5.csv,1951517,7,15,4.16224e+12,3.90452
cuda,400,512,../datasets/100000x5.csv,1951517,7,15,4.16224e+12,3.94806
cuda,400,512,../datasets/100000x5.csv,1951517,7,15,4.16224e+12,3.92146
cuda,400,512,../datasets/100000x5.csv,1951517,7,15,4.16224e+12,3.91585
cuda,400,512,../datasets/100000x5.csv,1951517,7,15,4.16224e+12,3.93097
cuda,400,512,../datasets/100000x5.csv,1951517,7,15,4.16224e+12,3.92145
cuda,400,512,../datasets/100000x5.csv,1951517,7,15,4.16224e+12,6.96192
cuda,400,512,../datasets/100000x5.csv,1951517,7,15,4.16224e+12,3.76114
cuda,400,512,../datasets/100000x5.csv,1951517,7,15,4.16224e+12,3.86965
cuda,400,512,../datasets/100000x5.csv,1951517,7,15,4.16224e+12,4.03242
cuda,400,512,../datasets/100000x5.csv,1951517,7,15,4.16224e+12,3.87235
cuda,500,512,../datasets/100000x5.csv,1951517,7,15,4.16224e+12,3.97301
cuda,500,512,../datasets/100000x5.csv,1951517,7,15,4.16224e+12,3.68628
cuda,500,512,../datasets/100000x5.csv,1951517,7,15,4.16224e+12,3.67727
cuda,500,512,../datasets/100000x5.csv,1951517,7,15,4.16224e+12,3.91356
cuda,500,512,../datasets/100000x5.csv,1951517,7,15,4.16224e+12,3.6864
cuda,500,512,../datasets/100000x5.csv,1951517,7,15,4.16224e+12,3.71147
cuda,500,512,../datasets/100000x5.csv,1951517,7,15,4.16224e+12,3.70198
cuda,500,512,../datasets/100000x5.csv,1951517,7,15,4.16224e+12,3.68101
cuda,500,512,../datasets/100000x5.csv,1951517,7,15,4.16224e+12,3.68159
cuda,500,512,../datasets/100000x5.csv,1951517,7,15,4.16224e+12,3.86604
cuda,600,512,../datasets/100000x5.csv,1951517,7,15,4.16224e+12,3.72999
cuda,600,512,../datasets/100000x5.csv,1951517,7,15,4.16224e+12,4.2044
cuda,600,512,../datasets/100000x5.csv,1951517,7,15,4.16224e+12,4.25374
cuda,600,512,../datasets/100000x5.csv,1951517,7,15,4.16224e+12,4.14143
cuda,600,512,../datasets/100000x5.csv,1951517,7,15,4.16224e+12,4.29339
cuda,600,512,../datasets/100000x5.csv,1951517,7,15,4.16224e+12,4.18238
cuda,600,512,../datasets/100000x5.csv,1951517,7,15,4.16224e+12,4.18245
cuda,600,512,../datasets/100000x5.csv,1951517,7,15,4.16224e+12,4.35142
cuda,600,512,../datasets/100000x5.csv,1951517,7,15,4.16224e+12,4.26967
cuda,600,512,../datasets/100000x5.csv,1951517,7,15,4.16224e+12,4.46705
cuda,700,512,../datasets/100000x5.csv,1951517,7,15,4.16224e+12,4.20496
cuda,700,512,../datasets/100000x5.csv,1951517,7,15,4.16224e+12,4.26917
cuda,700,512,../datasets/100000x5.csv,1951517,7,15,4.16224e+12,4.34018
cuda,700,512,../datasets/100000x5.csv,1951517,7,15,4.16224e+12,4.19812
cuda,700,512,../datasets/100000x5.csv,1951517,7,15,4.16224e+12,4.20168
cuda,700,512,../datasets/100000x5.csv,1951517,7,15,4.16224e+12,4.21654
cuda,700,512,../datasets/100000x5.csv,1951517,7,15,4.16224e+12,4.44503
cuda,700,512,../datasets/100000x5.csv,1951517,7,15,4.16224e+12,4.09952
cuda,700,512,../datasets/100000x5.csv,1951517,7,15,4.16224e+12,4.25174
cuda,700,512,../datasets/100000x5.csv,1951517,7,15,4.16224e+12,4.24699
cuda,800,512,../datasets/100000x5.csv,1951517,7,15,4.16224e+12,4.37642
cuda,800,512,../datasets/100000x5.csv,1951517,7,15,4.16224e+12,4.53614
cuda,800,512,../datasets/100000x5.csv,1951517,7,15,4.16224e+12,4.18902
cuda,800,512,../datasets/100000x5.csv,1951517,7,15,4.16224e+12,4.40233
cuda,800,512,../datasets/100000x5.csv,1951517,7,15,4.16224e+12,4.23498
cuda,800,512,../datasets/100000x5.csv,1951517,7,15,4.16224e+12,4.46777
cuda,800,512,../datasets/100000x5.csv,1951517,7,15,4.16224e+12,4.21527
cuda,800,512,../datasets/100000x5.csv,1951517,7,15,4.16224e+12,4.26574
cuda,800,512,../datasets/100000x5.csv,1951517,7,15,4.16224e+12,4.17936
cuda,800,512,../datasets/100000x5.csv,1951517,7,15,4.16224e+12,4.20482
cuda,900,512,../datasets/100000x5.csv,1951517,7,15,4.16224e+12,4.18039
cuda,900,512,../datasets/100000x5.csv,1951517,7,15,4.16224e+12,4.14523
cuda,900,512,../datasets/100000x5.csv,1951517,7,15,4.16224e+12,4.49618
cuda,900,512,../datasets/100000x5.csv,1951517,7,15,4.16224e+12,4.23881
cuda,900,512,../datasets/100000x5.csv,1951517,7,15,4.16224e+12,4.09358
cuda,900,512,../datasets/100000x5.csv,1951517,7,15,4.16224e+12,4.07185
cuda,900,512,../datasets/100000x5.csv,1951517,7,15,4.16224e+12,4.1807
cuda,900,512,../datasets/100000x5.csv,1951517,7,15,4.16224e+12,4.16013
cuda,900,512,../datasets/100000x5.csv,1951517,7,15,4.16224e+12,4.1912
cuda,900,512,../datasets/100000x5.csv,1951517,7,15,4.16224e+12,3.99829
cuda,1000,512,../datasets/100000x5.csv,1951517,7,15,4.16224e+12,4.0662
cuda,1000,512,../datasets/100000x5.csv,1951517,7,15,4.16224e+12,3.89074
cuda,1000,512,../datasets/100000x5.csv,1951517,7,15,4.16224e+12,3.87489
cuda,1000,512,../datasets/100000x5.csv,1951517,7,15,4.16224e+12,3.95981
cuda,1000,512,../datasets/100000x5.csv,1951517,7,15,4.16224e+12,4.04016
cuda,1000,512,../datasets/100000x5.csv,1951517,7,15,4.16224e+12,3.91014
cuda,1000,512,../datasets/100000x5.csv,1951517,7,15,4.16224e+12,3.96753
cuda,1000,512,../datasets/100000x5.csv,1951517,7,15,4.16224e+12,4.09062
cuda,1000,512,../datasets/100000x5.csv,1951517,7,15,4.16224e+12,3.8863
cuda,1000,512,../datasets/100000x5.csv,1951517,7,15,4.16224e+12,3.85656
------------------------------------------------------------------------------
JOBSTAT:ELAPSED_SECONDS=405
JOBSTAT:SLURM_CLUSTER_NAME=wice
JOBSTAT:SLURM_NODELIST=k28g27
JOBSTAT:SLURM_NTASKS=1
JOBSTAT:SLURM_GPUS_PER_NODE=1
JOBSTAT:SLURM_JOB_CPUS_PER_NODE=1
JOBSTAT:SLURM_JOB_NUM_NODES=1
JOBSTAT:SLURM_JOB_PARTITION=gpu
JOBSTAT:ESTIMATED_CREDITS=973
