SLURM_JOB_ID: 61049841
SLURM_JOB_USER: vsc35733
SLURM_JOB_ACCOUNT: llp_h_pds
SLURM_JOB_NAME: n_processes_1_node_small.slurm
SLURM_CLUSTER_NAME: wice
SLURM_JOB_PARTITION: batch
SLURM_NNODES: 1
SLURM_NODELIST: s28c11n1
SLURM_JOB_CPUS_PER_NODE: 16
Date: Thu Dec 28 21:37:33 CET 2023
Walltime: 00-02:30:00
========================================================================
------------------------------------------------------------------------------
MPI,1,1,../datasets/1M_1000000x4.csv,1951517,7,15,1.41729e+12,252.627
MPI,1,1,../datasets/1M_1000000x4.csv,1951517,7,15,1.41729e+12,251.763
MPI,1,1,../datasets/1M_1000000x4.csv,1951517,7,15,1.41729e+12,253.182
MPI,1,1,../datasets/1M_1000000x4.csv,1951517,7,15,1.41729e+12,251.937
MPI,1,2,../datasets/1M_1000000x4.csv,1951517,7,15,1.41729e+12,145.292
MPI,1,2,../datasets/1M_1000000x4.csv,1951517,7,15,1.41729e+12,145.519
MPI,1,3,../datasets/1M_1000000x4.csv,1951517,7,15,1.41729e+12,222.279
MPI,1,3,../datasets/1M_1000000x4.csv,1951517,7,15,1.41729e+12,222.047
MPI,1,3,../datasets/1M_1000000x4.csv,1951517,7,15,1.41729e+12,221.908
MPI,1,3,../datasets/1M_1000000x4.csv,1951517,7,15,1.41729e+12,222.15
MPI,1,4,../datasets/1M_1000000x4.csv,1951517,7,15,1.41729e+12,175.558
MPI,1,4,../datasets/1M_1000000x4.csv,1951517,7,15,1.41729e+12,175.998
MPI,1,4,../datasets/1M_1000000x4.csv,1951517,7,15,1.41729e+12,179.16
MPI,1,4,../datasets/1M_1000000x4.csv,1951517,7,15,1.41729e+12,175.151
MPI,1,5,../datasets/1M_1000000x4.csv,1951517,7,15,1.41729e+12,146.948
MPI,1,5,../datasets/1M_1000000x4.csv,1951517,7,15,1.41729e+12,147.521
MPI,1,5,../datasets/1M_1000000x4.csv,1951517,7,15,1.41729e+12,146.959
MPI,1,5,../datasets/1M_1000000x4.csv,1951517,7,15,1.41729e+12,147.193
MPI,1,6,../datasets/1M_1000000x4.csv,1951517,7,15,1.41729e+12,129.493
MPI,1,6,../datasets/1M_1000000x4.csv,1951517,7,15,1.41729e+12,129.43
MPI,1,6,../datasets/1M_1000000x4.csv,1951517,7,15,1.41729e+12,129.413
MPI,1,6,../datasets/1M_1000000x4.csv,1951517,7,15,1.41729e+12,129.776
MPI,1,7,../datasets/1M_1000000x4.csv,1951517,7,15,1.41729e+12,116.44
MPI,1,7,../datasets/1M_1000000x4.csv,1951517,7,15,1.41729e+12,117.571
MPI,1,7,../datasets/1M_1000000x4.csv,1951517,7,15,1.41729e+12,116.623
MPI,1,7,../datasets/1M_1000000x4.csv,1951517,7,15,1.41729e+12,116.584
MPI,1,8,../datasets/1M_1000000x4.csv,1951517,7,15,1.41729e+12,108.908
MPI,1,8,../datasets/1M_1000000x4.csv,1951517,7,15,1.41729e+12,105.22
MPI,1,8,../datasets/1M_1000000x4.csv,1951517,7,15,1.41729e+12,105.796
MPI,1,9,../datasets/1M_1000000x4.csv,1951517,7,15,1.41729e+12,98.3926
MPI,1,9,../datasets/1M_1000000x4.csv,1951517,7,15,1.41729e+12,97.4603
MPI,1,9,../datasets/1M_1000000x4.csv,1951517,7,15,1.41729e+12,97.4211
MPI,1,9,../datasets/1M_1000000x4.csv,1951517,7,15,1.41729e+12,97.4986
MPI,1,10,../datasets/1M_1000000x4.csv,1951517,7,15,1.41729e+12,92.582
MPI,1,10,../datasets/1M_1000000x4.csv,1951517,7,15,1.41729e+12,91.3016
MPI,1,10,../datasets/1M_1000000x4.csv,1951517,7,15,1.41729e+12,91.3388
MPI,1,10,../datasets/1M_1000000x4.csv,1951517,7,15,1.41729e+12,91.2878
MPI,1,11,../datasets/1M_1000000x4.csv,1951517,7,15,1.41729e+12,86.4096
MPI,1,11,../datasets/1M_1000000x4.csv,1951517,7,15,1.41729e+12,86.8957
MPI,1,11,../datasets/1M_1000000x4.csv,1951517,7,15,1.41729e+12,86.2551
MPI,1,11,../datasets/1M_1000000x4.csv,1951517,7,15,1.41729e+12,86.2674
MPI,1,12,../datasets/1M_1000000x4.csv,1951517,7,15,1.41729e+12,81.89
MPI,1,12,../datasets/1M_1000000x4.csv,1951517,7,15,1.41729e+12,81.932
MPI,1,12,../datasets/1M_1000000x4.csv,1951517,7,15,1.41729e+12,82.3136
MPI,1,12,../datasets/1M_1000000x4.csv,1951517,7,15,1.41729e+12,81.834
MPI,1,13,../datasets/1M_1000000x4.csv,1951517,7,15,1.41729e+12,78.3745
MPI,1,13,../datasets/1M_1000000x4.csv,1951517,7,15,1.41729e+12,78.4629
MPI,1,13,../datasets/1M_1000000x4.csv,1951517,7,15,1.41729e+12,79.5556
MPI,1,14,../datasets/1M_1000000x4.csv,1951517,7,15,1.41729e+12,75.69
MPI,1,14,../datasets/1M_1000000x4.csv,1951517,7,15,1.41729e+12,77.0759
MPI,1,14,../datasets/1M_1000000x4.csv,1951517,7,15,1.41729e+12,75.0891
JOBSTAT:ELAPSED_SECONDS=7903
JOBSTAT:SLURM_CLUSTER_NAME=wice
