SLURM_JOB_ID: 61049820
SLURM_JOB_USER: vsc35733
SLURM_JOB_ACCOUNT: llp_h_pds
SLURM_JOB_NAME: n_processes_4_node_small.slurm
SLURM_CLUSTER_NAME: wice
SLURM_JOB_PARTITION: batch
SLURM_NNODES: 4
SLURM_NODELIST: l33c20n3,l33c27n1,l33c32n[1-2]
SLURM_JOB_CPUS_PER_NODE: 16(x4)
Date: Thu Dec 28 20:51:23 CET 2023
Walltime: 00-02:30:00
========================================================================
------------------------------------------------------------------------------
MPI,1,1,../datasets/1M_1000000x4.csv,1951517,7,15,1.41729e+12,253.137
MPI,1,1,../datasets/1M_1000000x4.csv,1951517,7,15,1.41729e+12,251.668
MPI,1,1,../datasets/1M_1000000x4.csv,1951517,7,15,1.41729e+12,250.713
MPI,1,1,../datasets/1M_1000000x4.csv,1951517,7,15,1.41729e+12,251.758
MPI,1,2,../datasets/1M_1000000x4.csv,1951517,7,15,1.41729e+12,144.552
MPI,1,2,../datasets/1M_1000000x4.csv,1951517,7,15,1.41729e+12,145.323
MPI,1,2,../datasets/1M_1000000x4.csv,1951517,7,15,1.41729e+12,145.184
MPI,1,2,../datasets/1M_1000000x4.csv,1951517,7,15,1.41729e+12,144.297
MPI,1,3,../datasets/1M_1000000x4.csv,1951517,7,15,1.41729e+12,222.157
MPI,1,3,../datasets/1M_1000000x4.csv,1951517,7,15,1.41729e+12,222.254
MPI,1,3,../datasets/1M_1000000x4.csv,1951517,7,15,1.41729e+12,221.928
MPI,1,3,../datasets/1M_1000000x4.csv,1951517,7,15,1.41729e+12,221.93
MPI,1,4,../datasets/1M_1000000x4.csv,1951517,7,15,1.41729e+12,176.492
MPI,1,4,../datasets/1M_1000000x4.csv,1951517,7,15,1.41729e+12,175.383
MPI,1,4,../datasets/1M_1000000x4.csv,1951517,7,15,1.41729e+12,174.773
MPI,1,4,../datasets/1M_1000000x4.csv,1951517,7,15,1.41729e+12,175.32
MPI,1,5,../datasets/1M_1000000x4.csv,1951517,7,15,1.41729e+12,147.434
MPI,1,5,../datasets/1M_1000000x4.csv,1951517,7,15,1.41729e+12,148.968
MPI,1,5,../datasets/1M_1000000x4.csv,1951517,7,15,1.41729e+12,147.129
MPI,1,5,../datasets/1M_1000000x4.csv,1951517,7,15,1.41729e+12,147.161
MPI,1,6,../datasets/1M_1000000x4.csv,1951517,7,15,1.41729e+12,129.599
MPI,1,6,../datasets/1M_1000000x4.csv,1951517,7,15,1.41729e+12,129.576
MPI,1,6,../datasets/1M_1000000x4.csv,1951517,7,15,1.41729e+12,129.499
MPI,1,6,../datasets/1M_1000000x4.csv,1951517,7,15,1.41729e+12,129.603
MPI,1,7,../datasets/1M_1000000x4.csv,1951517,7,15,1.41729e+12,116.544
MPI,1,7,../datasets/1M_1000000x4.csv,1951517,7,15,1.41729e+12,116.828
MPI,1,7,../datasets/1M_1000000x4.csv,1951517,7,15,1.41729e+12,116.405
MPI,1,7,../datasets/1M_1000000x4.csv,1951517,7,15,1.41729e+12,116.496
MPI,1,8,../datasets/1M_1000000x4.csv,1951517,7,15,1.41729e+12,105.5
MPI,1,8,../datasets/1M_1000000x4.csv,1951517,7,15,1.41729e+12,106.366
MPI,1,8,../datasets/1M_1000000x4.csv,1951517,7,15,1.41729e+12,105.559
MPI,1,8,../datasets/1M_1000000x4.csv,1951517,7,15,1.41729e+12,105.735
MPI,1,9,../datasets/1M_1000000x4.csv,1951517,7,15,1.41729e+12,97.6775
MPI,1,9,../datasets/1M_1000000x4.csv,1951517,7,15,1.41729e+12,98.4356
MPI,1,9,../datasets/1M_1000000x4.csv,1951517,7,15,1.41729e+12,97.5874
MPI,1,9,../datasets/1M_1000000x4.csv,1951517,7,15,1.41729e+12,97.6507
MPI,1,10,../datasets/1M_1000000x4.csv,1951517,7,15,1.41729e+12,91.6075
MPI,1,10,../datasets/1M_1000000x4.csv,1951517,7,15,1.41729e+12,91.1874
MPI,1,10,../datasets/1M_1000000x4.csv,1951517,7,15,1.41729e+12,91.3359
MPI,1,10,../datasets/1M_1000000x4.csv,1951517,7,15,1.41729e+12,92.0594
MPI,1,11,../datasets/1M_1000000x4.csv,1951517,7,15,1.41729e+12,86.9447
MPI,1,11,../datasets/1M_1000000x4.csv,1951517,7,15,1.41729e+12,86.1752
MPI,1,11,../datasets/1M_1000000x4.csv,1951517,7,15,1.41729e+12,86.0216
MPI,1,11,../datasets/1M_1000000x4.csv,1951517,7,15,1.41729e+12,86.2412
MPI,1,12,../datasets/1M_1000000x4.csv,1951517,7,15,1.41729e+12,82.8085
MPI,1,12,../datasets/1M_1000000x4.csv,1951517,7,15,1.41729e+12,81.8388
MPI,1,12,../datasets/1M_1000000x4.csv,1951517,7,15,1.41729e+12,81.966
MPI,1,12,../datasets/1M_1000000x4.csv,1951517,7,15,1.41729e+12,81.972
MPI,1,13,../datasets/1M_1000000x4.csv,1951517,7,15,1.41729e+12,79.3739
MPI,1,13,../datasets/1M_1000000x4.csv,1951517,7,15,1.41729e+12,78.9109
MPI,1,13,../datasets/1M_1000000x4.csv,1951517,7,15,1.41729e+12,78.7906
MPI,1,13,../datasets/1M_1000000x4.csv,1951517,7,15,1.41729e+12,78.5364
MPI,1,14,../datasets/1M_1000000x4.csv,1951517,7,15,1.41729e+12,75.5376
MPI,1,14,../datasets/1M_1000000x4.csv,1951517,7,15,1.41729e+12,75.3993
MPI,1,14,../datasets/1M_1000000x4.csv,1951517,7,15,1.41729e+12,75.3951
MPI,1,14,../datasets/1M_1000000x4.csv,1951517,7,15,1.41729e+12,75.2339
MPI,1,15,../datasets/1M_1000000x4.csv,1951517,7,15,1.41729e+12,73.1495
MPI,1,15,../datasets/1M_1000000x4.csv,1951517,7,15,1.41729e+12,72.3363
MPI,1,15,../datasets/1M_1000000x4.csv,1951517,7,15,1.41729e+12,72.7817
MPI,1,15,../datasets/1M_1000000x4.csv,1951517,7,15,1.41729e+12,72.9086
MPI,1,16,../datasets/1M_1000000x4.csv,1951517,7,15,1.41729e+12,70.6743
MPI,1,16,../datasets/1M_1000000x4.csv,1951517,7,15,1.41729e+12,70.5126
MPI,1,16,../datasets/1M_1000000x4.csv,1951517,7,15,1.41729e+12,70.3422


JOBSTAT:ELAPSED_SECONDS=7901
